emissions:
  driving: 0.1771
  rail: 0.04115
  bus: 0.10471
